[settings]

stationRadioAddress = 5
droneRadioAddress = 1
flowGasSetPoint=100
flowOaSetPoint = 4000
flowAmSetPoint = 4000
gasPIDKp=1.000000
gasPIDKi=0.500000
gasPIDKd=0.010000
oaPIDKp=0.010000
oaPIDKi=0.500000
oaPIDKd=0.010000
amPIDKp=0.010000
amPIDKi=0.500000
amPIDKd=0.010000
samplePumpSpeed=100
coSlope1=0.165512
coIntercept1=0.038502
coSlope2=-0.000122
coIntercept2=0.000000
gasFlowSlope=1.000000
gasFlowIntercept=0.000000
oaFlowSlope=0.925553
oaFlowIntercept=0.000000
amFlowSlope=1.049987
amFlowIntercept=0.000000
